,album,almond,altar,antenna,armor,bean,beanie,beet,bottle,bread,bun,butter,cabbage,can,coaster,coat,coin,deer,dryer,fire,foot,fossil,frame,gate,gift,goggles,graffiti,grill,hamster,handkerchief,jet,ketchup,knot,leash,leopard,lizard,lobster,man,meat,missile,mitten,money,napkin,net,notebook,organ,outlet,oyster,parachute,parrot,pea,peeler,pickle,pocket,puddle,raisin,raspberry,recorder,rock,root,rose,sandal,seal,ship,taxi,treasure,trumpet,van,volleyball,wall,whip,yacht
album,0.0,0.04416792359301025,0.15688494386588325,0.06685973246572663,0.0865078724605437,0.06111802691953616,0.07092750338215059,0.11570418814514438,0.04474773643171004,0.10652904533273377,0.03928356242929287,0.0938697236549011,0.10319056572200436,0.12151741425792417,0.26307051952436367,0.2813717279777601,0.18317407590018697,0.21315737232009102,0.14571785702966988,0.15282207434893735,0.23730928875266644,0.12287175161751962,0.09003979861767009,0.14318529550716674,0.21045796604827738,0.13652947731510823,0.13560845372924402,0.19595895493320414,0.11633479330072971,0.20180127028338846,0.19226865173577457,0.18937689477416175,0.1309460238240434,0.1903862043745237,0.09105420430270283,0.16068865221286566,0.12886968658384435,0.07158583490294479,0.08263505541227412,0.05708592761032716,0.06313698532396761,0.054556181855844876,0.09029320955171438,0.14020507571400675,0.1675414148869191,0.1538787817805799,0.10921430162792545,0.20395644702642513,0.12488515977331949,0.09839542320881456,0.13835956314467113,0.07130956226921581,0.10566367902792362,0.16432834950680764,0.048564201554612496,0.14784545934639193,0.12130868500946224,0.23562578589802885,0.2515448008162511,0.2630712564542127,0.27786325292124814,0.08712907082472321,0.1757020656100743,0.23785953669380566,0.18476613072003267,0.19386770433040623,0.08603935192124212,0.048658575983099084,0.04090256229552036,0.2330136890973622,0.21665054819935992,0.12943040821459117
almond,0.04416792359301025,0.0,0.15387819572198402,0.03233469296644653,0.0832501429976873,0.06251742304505115,0.09034196995968313,0.1397218705589881,0.056159910610240615,0.121870928469905,0.018400595894229932,0.09560504340816689,0.11175713683248756,0.07603478977054001,0.23689987244269595,0.2514544355980678,0.15224960176166735,0.21035130499499166,0.14541697767920403,0.23206439989368044,0.2667695209533968,0.1641010189139528,0.15115056572715446,0.14718938171851526,0.2333792248692631,0.12471609745276169,0.16003400269434753,0.21296463590987225,0.1178570388002731,0.21215200237993126,0.18002276821782914,0.19873750214102814,0.05271918620743976,0.2441311881783057,0.12218379888930242,0.1717078807912349,0.1373273761438668,0.05140501860565638,0.08466759308270844,0.0865134088706968,0.036256493463249106,0.04072425923021139,0.06887004251102513,0.09453616306092372,0.14019491855643262,0.11367089449815748,0.10901742351161248,0.2046291381546972,0.1536449629976716,0.11367089449815748,0.21242466132480575,0.1418758685150392,0.14003337283700157,0.15214925845797944,0.06249704085995822,0.1581756388692419,0.16028021811940207,0.22491516064658734,0.22512106537604126,0.26137491898170795,0.27874679510797995,0.0721767503961398,0.21623294739574828,0.30003864263326974,0.18714708841312322,0.1983244728146597,0.0766651512804376,0.07322593799624222,0.10283834084211196,0.2812957282306817,0.2965475418873408,0.12648424034841887
altar,0.15688494386588325,0.15387819572198402,0.0,0.10339617587638361,0.20745980051868607,0.18531183010964714,0.2126858030371438,0.16720764855652814,0.08319101196665801,0.09491726495222885,0.14910346700340926,0.13099928545029027,0.16406302428828057,0.18179806854469183,0.1262276063311033,0.18578808191206608,0.1561803757997775,0.13587358772464564,0.13888888888888873,0.27831216351296784,0.1432139140930535,0.1284461875503261,0.18479403206524636,0.16007894886838403,0.1925938061268282,0.16027332332022448,0.16768510069622478,0.13643054969825152,0.11960580731457282,0.20123793697163272,0.10918682411833946,0.15862466288079358,0.11823580781770948,0.14814814814814792,0.06373758935472473,0.0785500979760877,0.08070514764806169,0.2476951037832147,0.1736269509321171,0.08398344503167676,0.12113215247362819,0.2126858030371439,0.14646242101524054,0.08402600298812446,0.12672739535881072,0.13166750449420406,0.03639539696584493,0.07158583490294501,0.10626468011013668,0.0741620412156746,0.278761353513842,0.11728333395021606,0.12444142988246731,0.19457507154547138,0.07222222222222174,0.1458561976638858,0.14934255398999685,0.13296242743825204,0.23067818137917018,0.17246461416153636,0.18350341907227397,0.06418079964259293,0.10657288763517059,0.23402001383809845,0.15946314110183724,0.08789941496815423,0.09062063715181101,0.1924081565927508,0.1037753570783786,0.18893148003964766,0.3071796769724492,0.1652211610992147
antenna,0.06685973246572663,0.03233469296644653,0.10339617587638361,0.0,0.10252220399632272,0.07451293839313,0.08255317181970045,0.12790642271660335,0.06162638155510258,0.09705106297895005,0.056715110285305625,0.11010859460877898,0.11609634652306822,0.06812348873961838,0.19807886550255482,0.23231095818211678,0.12316085744971617,0.14624855199872244,0.09884488742905562,0.2006574289697206,0.2279028383053071,0.14029974200611584,0.11901594584583375,0.1089232741352123,0.2098319090113684,0.1458522722509199,0.13011330007455912,0.17141856226031382,0.09179815368403921,0.18110096007878218,0.1274570214451367,0.1633548285395039,0.04460824913344752,0.16711421413897554,0.0926363290485328,0.12264859485662116,0.11871431360814366,0.07123187013157384,0.07683020901855908,0.0564657177914224,0.027307826376511524,0.05586380954536452,0.053579711862998924,0.04430808059558489,0.13933673080110354,0.10961511979407002,0.055105532145449554,0.12294866969055951,0.1126890701781551,0.07004245845158419,0.19731992549121868,0.11375700065781669,0.1216911890722967,0.1616280048829989,0.06334483753989706,0.09216735713025836,0.10953489646845993,0.17311249946859308,0.21344426727450316,0.2290364551601446,0.23745392921665787,0.039428937391445706,0.14364890934548946,0.2375689650017867,0.1303483265181654,0.12044565544998465,0.06926951652228686,0.07683020901855897,0.100327074886847,0.27514194042219453,0.29525418293780104,0.09245436736386237
armor,0.0865078724605437,0.0832501429976873,0.20745980051868607,0.10252220399632272,0.0,0.11730762701979225,0.09549042403933461,0.21538455735092654,0.1324014334225344,0.135590686436045,0.11730762701979225,0.21538455735092654,0.2101323777416224,0.15674443737439958,0.27176268066798304,0.25415998048815547,0.15792255861565951,0.14800580436430533,0.08205787022101008,0.18679378517740852,0.2927205220759437,0.20882575586723073,0.09168977314171389,0.18855523657196616,0.3064628425095913,0.19010161681660065,0.13920002242451257,0.1541688700965418,0.21555669947061695,0.2829237351820817,0.30958518078418007,0.30843592519187535,0.16790580378668274,0.2676527270615707,0.2158070440685499,0.2320263132472894,0.24524369968047666,0.10907477630158957,0.14534522606569633,0.114986959507696,0.10306143339104246,0.06607547847963824,0.13973521276131973,0.2041812458347907,0.15418403886133947,0.09033826504041087,0.14144994898899377,0.22984909850913382,0.14671223541408873,0.1277216240113529,0.21855763237904524,0.16569414925460835,0.18042339359899573,0.24925925907870738,0.14526044309103858,0.10847523046926777,0.08686982596505699,0.14738193522346965,0.1553469734986649,0.1555166230688474,0.15958084991708632,0.15505455423198444,0.23527694599591342,0.3568132502869349,0.24851434188381527,0.2154461787845322,0.14068516239840423,0.12499630287678443,0.1019066760138948,0.16117353614831775,0.19721950588026238,0.12746205597228288
bean,0.06111802691953616,0.06251742304505115,0.18531183010964714,0.07451293839313,0.11730762701979225,0.0,0.024605989816235962,0.05309734513274322,0.10370387608010878,0.06273326068261742,0.03539823008849541,0.08849557522123874,0.10674471582360723,0.09280164817305703,0.24135489704656565,0.26913224840966643,0.1533512184547623,0.13831187598647765,0.14457742161512965,0.23801609660928624,0.21224192033015943,0.21703192212530165,0.08433648840617725,0.10360139536157509,0.14665823855826665,0.16957091456188256,0.1123354299961613,0.1557522219525409,0.12797897122922375,0.18936139016685594,0.14818846043432543,0.17744975969377053,0.1194261765114275,0.20341601166276613,0.08468570816112553,0.13066446318668734,0.14034869050005772,0.067831139510799,0.017686966434656726,0.0816627467124953,0.029931096528296952,0.051147323426678604,0.03942330445463427,0.08762433927979996,0.13764259382968258,0.15109574605607246,0.13924847493673043,0.19163166038870538,0.13058672860822318,0.09487692129157388,0.10864525898142918,0.07276994027944228,0.11491676909084325,0.18364712329279698,0.09298050418874049,0.11687607163156488,0.1183238457910587,0.184608805526166,0.2579192567887971,0.20979447055777833,0.29489848844799627,0.10305784507361315,0.1789688450119008,0.2043555877989317,0.1552840084816831,0.15595465352155302,0.06631265733361924,0.07276994027944239,0.11560069271675055,0.32421461890459236,0.20979447055777833,0.15509509009317435
beanie,0.07092750338215059,0.09034196995968313,0.2126858030371438,0.08255317181970045,0.09549042403933461,0.024605989816235962,0.0,0.07768865703712113,0.11529402707704406,0.08592610667855838,0.07768865703712113,0.1307713242580063,0.11649173087609654,0.10036652196564366,0.22962074797960186,0.23497129356875113,0.1264565834366591,0.11321331341318408,0.09390995435740268,0.16769217328685404,0.22990519679364863,0.20573730761533715,0.05492353145136952,0.07135517251478396,0.16288986627967716,0.1531964828692447,0.06327974459592178,0.11884896718137539,0.16784638988264278,0.18586798043951624,0.19449800851929633,0.19185512088768453,0.16600277616363823,0.17196265491837548,0.13361220385188932,0.15452149510606072,0.19220695379716324,0.10869963086958911,0.04319789522123585,0.07621422503192721,0.05236613069774898,0.03980099502487555,0.06151409414385345,0.138550075887093,0.13357038363635965,0.12322877007550492,0.1287299961286651,0.18122163563620663,0.1081247858232357,0.0895067996937936,0.0822914107809779,0.07073176874004927,0.09624219058691319,0.1882138931649453,0.10409074138709473,0.07232060315931577,0.07334123464368747,0.14683919162338976,0.19546598040051832,0.18179908560402602,0.23191781119712274,0.12572314562756426,0.16173188692119456,0.20691501470411244,0.13828318031399145,0.15788921027711833,0.09599407325831599,0.09826564225886258,0.0993957785888605,0.2771095289926929,0.16769217328685404,0.11453486377910593
beet,0.11570418814514438,0.1397218705589881,0.16720764855652814,0.12790642271660335,0.21538455735092654,0.05309734513274322,0.07768865703712113,0.0,0.09235835552416072,0.06273326068261742,0.08849557522123874,0.03539823008849541,0.06873385266716503,0.11231129014782992,0.1577247282170533,0.2112417334322143,0.1822964759434883,0.15520772155537033,0.17173369394480809,0.21920167924161427,0.11252570771372394,0.18248921280730035,0.11824995179854103,0.07623044560162318,0.06132406241409316,0.16957091456188256,0.0876780808293881,0.1827681508500596,0.09400412595244023,0.1298649784359831,0.09733404016174785,0.08290375506087067,0.13796457279539753,0.18531183010964714,0.05871934527207945,0.13066446318668734,0.08452717689616529,0.18755925003234764,0.03604795771625191,0.11588649528221606,0.08536360529810838,0.15731265786844895,0.05882889426363158,0.10452018484869252,0.12901901976797936,0.20731457082057103,0.12012066326865767,0.1349040576089655,0.08733233699669207,0.0611456264328748,0.055430050562410016,0.054408948997847095,0.07997927313390285,0.1025908092935004,0.08211799525686914,0.16933887925741242,0.14142453105417507,0.184608805526166,0.23786302048579167,0.19098005319010636,0.32150609265750585,0.12099668817214082,0.1615000970334307,0.11075036283410022,0.07483486643231962,0.12872738428031283,0.04195559622058331,0.12785291412422795,0.14028160361767839,0.3782774493922251,0.19098005319010625,0.1358927057771101
bottle,0.04474773643171004,0.056159910610240615,0.08319101196665801,0.06162638155510258,0.1324014334225344,0.10370387608010878,0.11529402707704406,0.09235835552416072,0.0,0.09668649581162936,0.05832179385631675,0.04697627330036869,0.061916848035314165,0.09956022474775961,0.15374726292043062,0.192877323745679,0.16504550732311618,0.1877044583891765,0.1209078374237259,0.1617984620738172,0.16903639626922906,0.06631895187624781,0.1412987115094867,0.10518569485471418,0.1566917341986791,0.07527848657017067,0.10433227138448509,0.17307493633433557,0.07803840902640291,0.1514182955714226,0.12390731216646744,0.1151515151515149,0.0730855788052015,0.15282207434893713,0.06371832410146128,0.11564764554367235,0.05533372760684274,0.1557682351822619,0.10549537276852028,0.06031493499663698,0.07968357439828155,0.11529402707704406,0.09192319618616063,0.11189020783883308,0.1265918113400042,0.131496285961481,0.04668031766600267,0.1272727272727272,0.08500857800437178,0.059421288945836426,0.15572516323178265,0.07018597958833028,0.07057843181328205,0.08329702050387122,0.007757361052522338,0.15645228534034883,0.12632532008617658,0.1908739410392868,0.17718483643747196,0.2160705040978148,0.24100544977402683,0.045567106203725505,0.12656768290886722,0.20796039702975244,0.10489799554923496,0.14042614855247193,0.05018423284540785,0.09372557504179035,0.045466050908239186,0.2375799034195617,0.2522518654471462,0.07681381765500495
bread,0.10652904533273377,0.121870928469905,0.09491726495222885,0.09705106297895005,0.135590686436045,0.06273326068261742,0.08592610667855838,0.06273326068261742,0.09668649581162936,0.0,0.08895051213205463,0.08895051213205463,0.10616558337953386,0.15470017846513295,0.1726635548425598,0.21751523010326013,0.14248244394877818,0.05521607684777208,0.08486079011836478,0.2266263541363045,0.13591344384691972,0.18558807087657736,0.0832084112808067,0.09789832327688341,0.12571011577145919,0.1635363519130003,0.1021107700305175,0.09959472641980682,0.14026281744021296,0.20131707325389248,0.08663143138772877,0.15970836819686474,0.14186070244351012,0.17536906362314186,0.048032914705529395,0.06686612863406682,0.10284609120894272,0.170254319343619,0.08207857071166469,0.08326951920718784,0.07625380172097507,0.1448986159251029,0.08734595293391156,0.0802434655405464,0.10902172069166982,0.12144323050466754,0.0791598322806848,0.09668649581162947,0.08057201972331796,0.04649525964724566,0.15261682077870786,0.08207857071166469,0.1159028364953425,0.19812618316659225,0.08687208508513755,0.08041001179952989,0.06184386661508656,0.09243027742671472,0.22014411678322243,0.12908373213547808,0.18217669912363665,0.08989685656746027,0.13962251649180923,0.1750024395679518,0.14454917353195917,0.06230273259292307,0.06493966229428183,0.10927624269057834,0.08906637423931985,0.2325484258996432,0.18482237327880746,0.1395688124672816
bun,0.03928356242929287,0.018400595894229932,0.14910346700340926,0.056715110285305625,0.11730762701979225,0.03539823008849541,0.07768865703712113,0.08849557522123874,0.05832179385631675,0.08895051213205463,0.0,0.05309734513274322,0.08773928424538602,0.09280164817305703,0.2174605630952764,0.24018699092094042,0.1533512184547623,0.20589525826204802,0.17173369394480809,0.23801609660928635,0.21224192033015943,0.17097497636796655,0.12955443959599566,0.130972345121527,0.17510296393965774,0.13160844208471134,0.14521189555185898,0.2097840797475783,0.10532907437803474,0.18936139016685594,0.14818846043432543,0.15854055876719053,0.08234938394348756,0.239624374769004,0.08468570816112553,0.15586259468852248,0.11802008505850081,0.067831139510799,0.054408948997847206,0.0816627467124953,0.029931096528296952,0.051147323426678604,0.05882889426363147,0.08762433927979996,0.12039544570627614,0.12860821615027307,0.12012066326865778,0.1916316603887055,0.13058672860822318,0.09487692129157388,0.16186046740044835,0.10949192284263276,0.11491676909084325,0.13732922957891314,0.04953046846125497,0.16933887925741253,0.16452521631729145,0.22146264482441824,0.2579192567887971,0.2474233052931223,0.29489848844799627,0.08511900197508537,0.2139063409688413,0.24179767778486438,0.1782694776386442,0.18318192276279333,0.05007461659159529,0.07276994027944239,0.099146752116132,0.28817273191283743,0.24742330529312218,0.15509509009317435
butter,0.0938697236549011,0.09560504340816689,0.13099928545029027,0.11010859460877898,0.21538455735092654,0.08849557522123874,0.1307713242580063,0.03539823008849541,0.04697627330036869,0.08895051213205463,0.05309734513274322,0.0,0.04972842108894382,0.11231129014782992,0.13383039426576393,0.1822964759434883,0.1822964759434883,0.2227911038309407,0.19888996627448652,0.21920167924161438,0.11252570771372394,0.13643226704996514,0.16346790298835945,0.10360139536157509,0.08976878779548425,0.13160844208471134,0.12055454638508578,0.23680000864509698,0.07135422910125122,0.1298649784359831,0.09733404016174785,0.06399455413429067,0.10088778022745759,0.22152019321588512,0.05871934527207945,0.15586259468852248,0.06219857145460839,0.18755925003234775,0.07276994027944239,0.11588649528221606,0.08536360529810838,0.15731265786844884,0.07823448407262878,0.10452018484869252,0.11177187164457292,0.18482704091477165,0.10099285160058502,0.1349040576089655,0.08733233699669207,0.0611456264328748,0.10864525898142918,0.09113093156103758,0.07997927313390285,0.056272915579616556,0.03866795952938362,0.22180168688326007,0.18762590158040782,0.22146264482441824,0.23786302048579167,0.2286088879254503,0.32150609265750585,0.10305784507361304,0.1964375929903711,0.1481924528200329,0.09782033558928072,0.15595465352155313,0.025717555478559362,0.12785291412422795,0.12382766301705983,0.34223556240047004,0.2286088879254502,0.1358927057771101
cabbage,0.10319056572200436,0.11175713683248756,0.16406302428828057,0.11609634652306822,0.2101323777416224,0.10674471582360723,0.11649173087609654,0.06873385266716503,0.061916848035314165,0.10616558337953386,0.08773928424538602,0.04972842108894382,0.0,0.07821813415149359,0.12121691508327992,0.1607963476027786,0.1452555392250523,0.20171348742737405,0.15434282689628365,0.161573388021665,0.1433923554333012,0.12215128882965742,0.15635084108528363,0.05948434308820183,0.07603970653133296,0.05732407588437127,0.08212264893739396,0.18047059528500742,0.08793943132991233,0.07362898075008684,0.07849292647697104,0.05582539899658234,0.13406039652327506,0.14462262950428706,0.1007777899259944,0.1409108153725993,0.09488296355142845,0.21024437425918063,0.11277285227411593,0.11188232694057898,0.11309523809523803,0.15924213099499496,0.08313433915609136,0.14728486157014953,0.1110348934141745,0.14880892916627986,0.10139355663801308,0.131968511980729,0.08035210303609752,0.08844076811424284,0.12857142857142845,0.11277285227411593,0.06834959542387331,0.06744112880876174,0.061028931933115094,0.17844902512403127,0.14833849631652896,0.18873491989593738,0.17084380241114983,0.25248711703136406,0.27142857142857124,0.10427732558454972,0.17464527916745842,0.11547737233906141,0.06825619812296169,0.11558591826150344,0.08022357347041742,0.11277285227411593,0.10333099955049585,0.3033635253363006,0.21208101524927558,0.08242546503791648
can,0.12151741425792417,0.07603478977054001,0.18179806854469183,0.06812348873961838,0.15674443737439958,0.09280164817305703,0.10036652196564366,0.11231129014782992,0.09956022474775961,0.15470017846513295,0.09280164817305703,0.11231129014782992,0.07821813415149359,0.0,0.15058016984131728,0.1624620927177335,0.09864968073432268,0.19915930402729332,0.146874815372819,0.22228622895218086,0.2195917153608904,0.20039879457760967,0.17758206556538303,0.0722462144870879,0.1377520181634172,0.10554527842184214,0.11213087579743919,0.17361839845013893,0.08870950503434805,0.09004165284976495,0.15915157633115007,0.11415068406897655,0.07021763297742689,0.20175421321433362,0.1484780650301677,0.19450271037020528,0.15086167630002045,0.12330447627336738,0.07911527657631068,0.1260453972365987,0.06512464173887278,0.10036652196564366,0.02672405154698898,0.1060382928676763,0.10646226355277655,0.12622699591208963,0.10390931128128567,0.17147034568804276,0.1370084760492809,0.11383305259169374,0.16411144437828618,0.13983295064820223,0.0885630807024953,0.08737449922791529,0.1079603332670177,0.17111080747723706,0.18091557250537071,0.18244613828529876,0.13779250784350505,0.25339477979409364,0.3107585593996395,0.11017481699775133,0.210515907932443,0.20550976445480218,0.08154236032079798,0.1746568954559372,0.08714552206197068,0.13983295064820223,0.17022800916430825,0.334542874889328,0.25339477979409364,0.06866573533193632
coaster,0.26307051952436367,0.23689987244269595,0.1262276063311033,0.19807886550255482,0.27176268066798304,0.24135489704656565,0.22962074797960186,0.1577247282170533,0.15374726292043062,0.1726635548425598,0.2174605630952764,0.13383039426576393,0.12121691508327992,0.15058016984131728,0.0,0.03284518669085679,0.10122987046019005,0.18454621201873944,0.16594453331605308,0.21259921259881898,0.06439193560385426,0.16447973320470233,0.20640739906603667,0.09468580739296772,0.09277096820646669,0.12553882633350444,0.08734967236251223,0.16569588747372777,0.13999270201080838,0.08633801337340752,0.16326735446377283,0.074610506210124,0.19912356183122393,0.19955116384177995,0.18934467350683748,0.2048238702083519,0.16349611171775602,0.38231756413543705,0.20059065583446545,0.16834451009450846,0.18429258662839731,0.2654523410968298,0.15511044123712825,0.19595116010239344,0.05408079245933395,0.11959372595757134,0.09296301305261567,0.0618465131923327,0.06860420629512554,0.08923488892162568,0.20075640598085154,0.18819671251406955,0.08811118076928226,0.08939901200619793,0.13478202137401551,0.20025238252639566,0.19174689245298637,0.10443189137955622,0.10647490422809402,0.1427491427487142,0.16483534557549662,0.182643378012185,0.19227089503485972,0.15964050064823399,0.0768256705467888,0.1316010690589352,0.10668501985501966,0.2873482590772366,0.19476746678110224,0.2397246258299568,0.2062492062488096,0.13155295566326897
coat,0.2813717279777601,0.2514544355980678,0.18578808191206608,0.23231095818211678,0.25415998048815547,0.26913224840966643,0.23497129356875113,0.2112417334322143,0.192877323745679,0.21751523010326013,0.24018699092094042,0.1822964759434883,0.1607963476027786,0.1624620927177335,0.03284518669085679,0.0,0.07100591715976312,0.21249982957490976,0.1672832655918859,0.23076923076923073,0.14384786614870937,0.2561966946522115,0.237393140455322,0.09915178646167233,0.15684848328710854,0.13858318114014878,0.10613354203139946,0.1715867400564558,0.23138263029855033,0.1364549466463273,0.2670848434282497,0.13412126685360193,0.25721331338384057,0.2894150533050758,0.2674688677750392,0.3045947186567123,0.2742373705660667,0.4055944055944055,0.2418007125553706,0.22575165853785994,0.2113039748303892,0.25667423559516966,0.18279701257957126,0.26776299942930204,0.03394081467026955,0.08978744366073099,0.12802099527767064,0.13025573679491265,0.10515750817276304,0.12656370856332777,0.2167432577625934,0.2418007125553706,0.1000918226804407,0.10521954634254282,0.1739449994671507,0.2313925103604827,0.22238176638344498,0.09970151120784909,0.07339688660830834,0.15384615384615374,0.16235042844055125,0.266567239041852,0.30007141764034284,0.24224090899393114,0.14481388950586327,0.2151998511828349,0.15353367491895165,0.36191149076442075,0.22636940020981522,0.19689949931457296,0.16923076923076918,0.14424877575844097
coin,0.18317407590018697,0.15224960176166735,0.1561803757997775,0.12316085744971617,0.15792255861565951,0.1533512184547623,0.1264565834366591,0.1822964759434883,0.16504550732311618,0.14248244394877818,0.1533512184547623,0.1822964759434883,0.1452555392250523,0.09864968073432268,0.10122987046019005,0.07100591715976312,0.0,0.12960507479332128,0.10066592683923659,0.18461538461538463,0.17646318553352036,0.2467814629389482,0.13571222584936493,0.05438914231069958,0.14521880719451696,0.12306215737690829,0.09269194115969115,0.09426816912839153,0.1943408293490828,0.12429234026106417,0.21510504508982786,0.14958338708835905,0.196577665496807,0.23019964108049884,0.19315411523047799,0.21187401447760734,0.25597919120923807,0.23776223776223748,0.15171762889858298,0.12314043256094986,0.09345284463263137,0.1264565834366591,0.08758889754029808,0.1572366597205176,0.03394081467026944,0.0438171125324851,0.08891879775649003,0.10706255644277685,0.10515750817276293,0.09898150988638021,0.19498612603377663,0.1817453234508455,0.07152330911474036,0.15256242748843996,0.1472980639660909,0.10984527944074518,0.14682371939236272,0.06956599693865584,0.1061969968168639,0.18461538461538451,0.16235042844055136,0.19322396294603705,0.2429343905089424,0.211624380064393,0.15421153907173302,0.159540266160341,0.13361682021116228,0.2418007125553706,0.15909717414110347,0.1674279213077683,0.13846153846153864,0.11284506110737458
deer,0.21315737232009102,0.21035130499499166,0.13587358772464564,0.14624855199872244,0.14800580436430533,0.13831187598647765,0.11321331341318408,0.15520772155537033,0.1877044583891765,0.05521607684777208,0.20589525826204802,0.2227911038309407,0.20171348742737405,0.19915930402729332,0.18454621201873944,0.21249982957490976,0.12960507479332128,0.0,0.040819682374356736,0.2546379965888841,0.20039879457760978,0.252566713303388,0.109706470314621,0.11162329144109662,0.1921753623704644,0.19819982151095306,0.09769918437291081,0.03932926518761137,0.24323218738728147,0.25455009255072747,0.168642790823188,0.25088300051446255,0.21248188642767718,0.1704386442156599,0.15101488255288142,0.09194182379020688,0.20600776385495467,0.2652510371631934,0.15867122872061012,0.12334123073857284,0.13745747079037263,0.1892236008349112,0.14785586752474167,0.14516129032258052,0.1356194702622272,0.10375527432797094,0.1007097164503249,0.10647490422809414,0.11636611734651103,0.09302180455944364,0.22529922529883806,0.14114354598562284,0.16064467299395335,0.29254769874338893,0.17562340268931198,0.0359253979274643,0.0444017630352781,0.03251595710844546,0.16714945558911143,0.08401295966344813,0.11099911099866677,0.14376531843657303,0.1328514502454089,0.2494013886827381,0.17167893180983063,0.07080147601448417,0.15131577568752674,0.21125427692557197,0.14788532087151973,0.20865887546688755,0.20973667108219052,0.1476136439383844
dryer,0.14571785702966988,0.14541697767920403,0.13888888888888873,0.09884488742905562,0.08205787022101008,0.14457742161512965,0.09390995435740268,0.17173369394480809,0.1209078374237259,0.08486079011836478,0.17173369394480809,0.19888996627448652,0.15434282689628365,0.146874815372819,0.16594453331605308,0.1672832655918859,0.10066592683923659,0.040819682374356736,0.0,0.14840835294530197,0.21971267176331677,0.17850164299507099,0.09806999292325125,0.0865858568943676,0.21441559515042752,0.126295943338962,0.06679844623516085,0.056982160270490634,0.21807094728596932,0.22405971020101467,0.20021882749310782,0.23115701952900125,0.17512382021656703,0.16666666666666652,0.17330021187704414,0.13009974284455816,0.20346812482549426,0.22582577540481974,0.1689316495169585,0.09856969590696829,0.12396721004629363,0.1346331024761711,0.1365375654456501,0.1704386442156598,0.11349599225818663,0.05978567539604229,0.06085236658600102,0.1078520132270484,0.09077916714174794,0.07703731437960115,0.20391583359546706,0.14075984102600803,0.12444142988246742,0.21826404002942812,0.12499999999999978,0.03405727065654107,0.025288343113538114,0.04578745411003271,0.09220025402742082,0.10510708275608027,0.08144134645630818,0.11922898789891123,0.14230997212976393,0.26753163823268167,0.14476844077144946,0.10182461473963267,0.14044964333527354,0.1689316495169586,0.09115247478370814,0.15667307299577005,0.1917096231345239,0.0719223496926561
fire,0.15282207434893735,0.23206439989368044,0.27831216351296784,0.2006574289697206,0.18679378517740852,0.23801609660928624,0.16769217328685404,0.21920167924161427,0.1617984620738172,0.2266263541363045,0.23801609660928635,0.21920167924161438,0.161573388021665,0.22228622895218086,0.21259921259881898,0.23076923076923073,0.18461538461538463,0.2546379965888841,0.14840835294530197,0.0,0.18380163239510316,0.11261441102494862,0.09873734781083532,0.14167629840509666,0.19115602776025375,0.1777737661423312,0.10445334192243605,0.23178477027902034,0.1994340769796349,0.16199642005537973,0.29047575268053993,0.1859193696400382,0.31026950528499475,0.2013321276210177,0.2478285403168341,0.27008201210115657,0.2523275553378722,0.29999999999999993,0.2290389423706588,0.12687174986920113,0.2103974276750218,0.195905997921198,0.2058056403807289,0.30851958719691674,0.20705580007059732,0.21114911783930013,0.15109129181516745,0.1557682351822619,0.11258505454761347,0.13943540127923648,0.13732972695241197,0.17048493799374687,0.12104206596195444,0.18144158498743723,0.168615612366939,0.15882166366428685,0.12824903284038836,0.226270671138461,0.18983727784868032,0.29000000000000015,0.2221825406947977,0.2276953027110703,0.21079481274752954,0.17411913212570884,0.15703083394149409,0.22577517233710898,0.20598139231613044,0.17048493799374687,0.10797028232888284,0.24331723467529032,0.15000000000000013,0.12226617550269447
foot,0.23730928875266644,0.2667695209533968,0.1432139140930535,0.2279028383053071,0.2927205220759437,0.21224192033015943,0.22990519679364863,0.11252570771372394,0.16903639626922906,0.13591344384691972,0.21224192033015943,0.11252570771372394,0.1433923554333012,0.2195917153608904,0.06439193560385426,0.14384786614870937,0.17646318553352036,0.20039879457760978,0.21971267176331677,0.18380163239510316,0.0,0.1437052187299932,0.14656605941984802,0.144151146190434,0.05448596534629557,0.21399364710498703,0.12018177457702583,0.21613485014988565,0.10673875662429277,0.10333796278153728,0.14046377374658736,0.07315598045413996,0.2375537294474861,0.20441292022926416,0.12955304433772485,0.17660058448487426,0.11940977079885817,0.3543649276324897,0.16209387317696744,0.1451848991879363,0.18176123951285128,0.2897183853922002,0.15815566249056445,0.18136067063898142,0.1157543982560223,0.22083202790929468,0.1270999292145667,0.057175911151625125,0.06908979002430837,0.08146865078738019,0.145533874544718,0.1414048330084976,0.10767378626384938,0.1323298154253174,0.14933381470667484,0.21180353306242394,0.18874116847670608,0.16427605585437977,0.2316261550005334,0.17320165359503936,0.2354776772242213,0.19146534138743787,0.17328600786209625,0.08237853842943599,0.09997950346629236,0.12563419569449763,0.094302760410654,0.2241609936823773,0.17959666222927506,0.29944725609333644,0.17320165359503947,0.1994267035453563
fossil,0.12287175161751962,0.1641010189139528,0.1284461875503261,0.14029974200611584,0.20882575586723073,0.21703192212530165,0.20573730761533715,0.18248921280730035,0.06631895187624781,0.18558807087657736,0.17097497636796655,0.13643226704996514,0.12215128882965742,0.20039879457760967,0.16447973320470233,0.2561966946522115,0.2467814629389482,0.252566713303388,0.17850164299507099,0.11261441102494862,0.1437052187299932,0.0,0.1505917698424052,0.1809106291135517,0.18116082635517194,0.12326885606973836,0.12844193522525726,0.23107929929118698,0.08643067434809404,0.14847570031219814,0.16050454386712087,0.13889758407559094,0.1678438189402114,0.10489067910574046,0.134257808788105,0.13528221158768716,0.07760080362672506,0.2656119263654745,0.19969686499374617,0.06860556489577652,0.17418340140489474,0.20573730761533715,0.19203897371123535,0.19760838339922537,0.2201955864688867,0.2136718677840792,0.09472218866980586,0.1142946579063222,0.09954134396509062,0.11126634358851739,0.2124089732175941,0.11608310461995863,0.12494349917664371,0.15252884742705852,0.070735191861091,0.17803804473594653,0.1483990822501179,0.25076794391197266,0.23018735503900345,0.2656119263654745,0.22971866611391079,0.07805478697176793,0.0794860186143912,0.18400315273378876,0.11401714388395501,0.14535649851056853,0.1258514928187855,0.11608310461995863,0.06873609835431393,0.2614129894959213,0.3023313300472007,0.12554636283816167
frame,0.09003979861767009,0.15115056572715446,0.18479403206524636,0.11901594584583375,0.09168977314171389,0.08433648840617725,0.05492353145136952,0.11824995179854103,0.1412987115094867,0.0832084112808067,0.12955443959599566,0.16346790298835945,0.15635084108528363,0.17758206556538303,0.20640739906603667,0.237393140455322,0.13571222584936493,0.109706470314621,0.09806999292325125,0.09873734781083532,0.14656605941984802,0.1505917698424052,0.0,0.11279240432509896,0.15519974682361137,0.20288755661571933,0.06819974485386837,0.12430012358717091,0.15008902630127186,0.1734876022210491,0.20421796719615948,0.18477725776217113,0.23036491861774533,0.15010441640844818,0.13344375943177678,0.15505784374678344,0.1906678314761766,0.158821524623446,0.08527602046211802,0.05278403042739066,0.0865525293765117,0.08882762000916788,0.10760180998964475,0.16366365393191673,0.14352039029191932,0.13822807486313382,0.1203758979006776,0.12137104447700653,0.0662163930991928,0.06641374776839493,0.09080112226313308,0.07354878995522218,0.10369276023795826,0.22343565464633552,0.12582168544868966,0.05618620622814707,0.04587631793499991,0.12612656514401266,0.21218564340772206,0.15281310694218553,0.16727579422230876,0.14640857953301345,0.13530525624616319,0.1510389353018513,0.1558481929826918,0.12179723266559772,0.1054758546891097,0.09700325096901408,0.07519124068203398,0.19429714572208379,0.10474576549209669,0.13534349801438916
gate,0.14318529550716674,0.14718938171851526,0.16007894886838403,0.1089232741352123,0.18855523657196616,0.10360139536157509,0.07135517251478396,0.07623044560162318,0.10518569485471418,0.09789832327688341,0.130972345121527,0.10360139536157509,0.05948434308820183,0.0722462144870879,0.09468580739296772,0.09915178646167233,0.05438914231069958,0.11162329144109662,0.0865858568943676,0.14167629840509666,0.144151146190434,0.1809106291135517,0.11279240432509896,0.0,0.07074099530431655,0.0826969629391302,0.03400019659498821,0.09130637502257133,0.14183533542853488,0.07991258754352792,0.129997888099176,0.07886762705632344,0.16860295842744055,0.14608026468285706,0.1266090271915904,0.1475778719020614,0.1669573500497632,0.2395437158442688,0.09847418050008483,0.10026458915756264,0.09132471688990296,0.13292278538673197,0.06218929873678403,0.1377520181634173,0.06647994398132684,0.09582307967401171,0.07191589035794355,0.08983348863898621,0.06686875668770731,0.06104704427685814,0.09475368022239417,0.09847418050008483,0.03197337126823252,0.09121076834915443,0.09288526477785453,0.09741135877355123,0.10391660850873774,0.091675034846873,0.10828596503479859,0.18531987645229508,0.20790947019459494,0.14000794213763834,0.16254440491112188,0.12422250403897284,0.058028936577980805,0.11051399595340738,0.0928485526463333,0.18365772250007684,0.12213580599725882,0.2545137688143827,0.14167629840509666,0.05716172992005819
gift,0.21045796604827738,0.2333792248692631,0.1925938061268282,0.2098319090113684,0.3064628425095913,0.14665823855826665,0.16288986627967716,0.06132406241409316,0.1566917341986791,0.12571011577145919,0.17510296393965774,0.08976878779548425,0.07603970653133296,0.1377520181634172,0.09277096820646669,0.15684848328710854,0.14521880719451696,0.1921753623704644,0.21441559515042752,0.19115602776025375,0.05448596534629557,0.18116082635517194,0.15519974682361137,0.07074099530431655,0.0,0.14585280541030554,0.09186999330973866,0.1750574617235292,0.10361896226921874,0.049793255579157036,0.10608347258210549,0.042731157739041126,0.21791913113994832,0.1780459467777621,0.11321109737258794,0.15463353586723538,0.12081984412813707,0.31279186725595065,0.11474666372401932,0.14288690527862236,0.14921837991211562,0.24820045315563366,0.09556983632087757,0.16502159303837916,0.11647736593907254,0.21846566398695777,0.1430995790130375,0.09971144596886017,0.09630110081253807,0.10100963660927531,0.10200222717425411,0.11474666372401932,0.06418345820853821,0.09743031591348328,0.14022151247018988,0.20252635869415747,0.19560908287869128,0.17449860554695662,0.21029349525512742,0.23651176452136113,0.31581122070419365,0.18555253372321467,0.17882098457799234,0.05225645779980248,0.0626330940245916,0.13031612789637292,0.0996675261617378,0.20327199735161738,0.18355471656285316,0.36283721945472314,0.16091886991951554,0.1513315752084945
goggles,0.13652947731510823,0.12471609745276169,0.16027332332022448,0.1458522722509199,0.19010161681660065,0.16957091456188256,0.1531964828692447,0.16957091456188256,0.07527848657017067,0.1635363519130003,0.13160844208471134,0.13160844208471134,0.05732407588437127,0.10554527842184214,0.12553882633350444,0.13858318114014878,0.12306215737690829,0.19819982151095306,0.126295943338962,0.1777737661423312,0.21399364710498703,0.12326885606973836,0.20288755661571933,0.0826969629391302,0.14585280541030554,0.0,0.08990205658276529,0.12356800034177162,0.16500884009432437,0.12266306256879267,0.16829082250762972,0.1432130714383708,0.16498477490114538,0.1602733233202247,0.17154097287385284,0.148760370404748,0.14991393939638697,0.27086463366776725,0.19758935839810343,0.11607154331391722,0.15286555467987428,0.1674284747537953,0.14153272928033833,0.2163195995559033,0.1098545465463826,0.09261581676797803,0.1025375500278175,0.16349205199604266,0.1302300035741072,0.1408488630527367,0.22955351499306453,0.15820724101886918,0.07890274696315236,0.11209235669667106,0.07678604679483647,0.17011772022254512,0.15974526501944986,0.16012507683344224,0.10737205942448225,0.24839442426507574,0.20101845999280765,0.11984639533764385,0.17101247226683713,0.2420859024560974,0.12182476055867719,0.16781115853731732,0.14452143485707725,0.17789829970848636,0.09123813026905148,0.2124501008127312,0.24839442426507574,0.08359360623076384
graffiti,0.13560845372924402,0.16003400269434753,0.16768510069622478,0.13011330007455912,0.13920002242451257,0.1123354299961613,0.06327974459592178,0.0876780808293881,0.10433227138448509,0.1021107700305175,0.14521189555185898,0.12055454638508578,0.08212264893739396,0.11213087579743919,0.08734967236251223,0.10613354203139946,0.09269194115969115,0.09769918437291081,0.06679844623516085,0.10445334192243605,0.12018177457702583,0.12844193522525726,0.06819974485386837,0.03400019659498821,0.09186999330973866,0.08990205658276529,0.0,0.08103046990359208,0.14276989312406418,0.09860556498227924,0.17049574331309825,0.10872279946593377,0.195071414707102,0.11724177346569287,0.15290712462392642,0.14871513140545478,0.16270652107358197,0.25338016976238575,0.10471975473751693,0.08086484075955769,0.11190953412812754,0.1249060771882955,0.09884307301730888,0.1840062189111541,0.07893832507308163,0.08886911617533988,0.08287416887013332,0.09116068714013936,0.03584907218646527,0.05231945321389231,0.07947492580932891,0.07914031915858877,0.04547170158797109,0.11274933617493665,0.0894979434889005,0.07624828508698178,0.05955601063541771,0.07583381056371552,0.08259892099253952,0.1088218622057412,0.13507711149869828,0.13363410261765263,0.11577690203758217,0.13932565068108227,0.05802003714131321,0.10545105386362918,0.08569951054373104,0.16440510442168244,0.09264524038984945,0.2049861245744221,0.11755890277235159,0.05923490546028132
