,baby,badge,ball,baseball,bell,bike,binoculars,blind,bubble,cape,cheese,cigar,coconut,crayon,dart,donkey,drill,earplug,foam,freezer,goose,guitar,hair,handle,hat,heater,hole,honey,hose,lantern,lego,magnet,mailbox,makeup,marble,microphone,motorcycle,muffin,painting,pants,pear,perfume,petal,pie,puppet,rabbit,raincoat,saddle,sand,satellite,seagull,seahorse,shield,ski,skin,spaghetti,stair,submarine,sunflower,swan,switch,table,tea,teapot,thorn,tie,toast,treadmill,triangle,velcro,yogurt,zipper
baby,0.0,0.14402803729155278,0.13751663725008123,0.05972050686506836,0.09737145402384961,0.07653782317488633,0.0988906177255724,0.111953350230944,0.07800326980768568,0.06694029447270922,0.25335019895224997,0.1321955089632333,0.17572500237561306,0.09766744171874842,0.21172542119246118,0.15388588777335077,0.18529463249965206,0.07646682039323249,0.1264293027317347,0.16490474482665607,0.20708671054532224,0.11858593368240344,0.1728557053526365,0.16489781279730786,0.20574364154055724,0.16394067530584977,0.2459520247058533,0.13805341979272778,0.22990247822097687,0.26889332672542043,0.1458555070205939,0.11826657164518906,0.0601581200510537,0.04563555285938059,0.09165415398208443,0.0906451898867141,0.10497197346272447,0.11804486689858684,0.0750256212137902,0.24274709523074367,0.08427692350008631,0.10687954820520362,0.11531490780322717,0.05620762472933316,0.1409604967920164,0.07725406602838625,0.11938654388875325,0.1721982969086705,0.23784861005123925,0.14130357485209133,0.12322717305900044,0.21145297845865896,0.1913075266310954,0.20745755530799603,0.2008298246382848,0.08701876816588061,0.23037635892001163,0.08894030826473209,0.15072158011557757,0.1830175537624339,0.22486287133896588,0.055524749161583564,0.1214972736812977,0.14466279655230052,0.23004229907272566,0.1043184700398585,0.2449424083424011,0.12330957092605466,0.10691068137339887,0.11681043398157787,0.15103411103522413,0.10557280900008414
badge,0.14402803729155278,0.0,0.14169888096412397,0.08595517551026466,0.09811587448208048,0.1845380905771573,0.10843552517056765,0.08099460398788128,0.10518209702050907,0.1908295729416276,0.10123182816783527,0.1896840014679142,0.2499077905645235,0.21211795424177782,0.12858569393713748,0.21620781898624297,0.19173982744858398,0.1554052561159518,0.26767245691355,0.1628729743264291,0.22920972563295572,0.18487173373273935,0.2779714621678576,0.12490148923736577,0.15759472180032708,0.1845516907027167,0.3583456071581492,0.23572965700324655,0.2964785239811829,0.15137228441525286,0.2806693695231074,0.1044665288110096,0.08667509124541228,0.17472509996372576,0.1420958187475776,0.21963960150670847,0.17124909982962788,0.1563404776439149,0.1491877088204775,0.09940901841049377,0.16916451677327216,0.20754713190321805,0.10438249245074505,0.20493477445477026,0.14186819404202888,0.09791101956249615,0.22661452008361005,0.09352274018524176,0.08061589343235165,0.11929434435468855,0.14026261488820024,0.21606142284928143,0.08298086584344344,0.2088805319398036,0.15816989444651564,0.10010774278671475,0.16049126806885705,0.0923591672979236,0.14628875942258524,0.16432671756032646,0.15511534594357823,0.10423515470272104,0.15269907901112267,0.11324375747144222,0.20763691749698054,0.18087630298192048,0.18062720083068973,0.1237942670317167,0.181402962959898,0.21650061446819724,0.26018611255635826,0.08676760934582806
ball,0.13751663725008123,0.14169888096412397,0.0,0.037648479930918355,0.03297174589645335,0.18147148748325248,0.08845874623111427,0.06301955164865214,0.05122850417734315,0.1942237517034643,0.24655766909439625,0.16792653555050363,0.1766706925783682,0.15783919083345932,0.14386273618493073,0.23720628158442658,0.11633410978869385,0.07884783924796346,0.1248931689148085,0.18580882578449287,0.2272860589235537,0.15663738273404582,0.14289106022878573,0.08966918636231247,0.1867738147911705,0.1867738147911705,0.14478098424900332,0.16710032605589598,0.16052967609901492,0.16298023923420735,0.11630328931074074,0.12263093169329242,0.0772727846075878,0.14394461582762108,0.05505905696346736,0.11585369891930142,0.09051371893934157,0.11509677381731553,0.13488131733443542,0.19500327597584044,0.09523809523809534,0.18315003382269301,0.06406984717594877,0.17048493799374687,0.15062589053478903,0.08949463823510506,0.13359091810305868,0.10592199003661995,0.1724771236509124,0.12223836403804189,0.12474000707761701,0.16245874677982086,0.14739499946617296,0.2911284874459247,0.1991251282353218,0.12840093701162114,0.16436396026833022,0.1021719328873496,0.0839904067518552,0.12648210682311922,0.20852937630959523,0.06346459738332688,0.20741060703223868,0.17611415912890038,0.11507547305686228,0.16489109479930852,0.15507617809317686,0.07347641910961267,0.12918710126407906,0.08348486100883168,0.17909386451728548,0.13333333333333341
baseball,0.05972050686506836,0.08595517551026466,0.037648479930918355,0.0,0.025576220781199477,0.11732649461997369,0.053297340942237925,0.04715042434881711,0.04274977521105494,0.1023439160720917,0.1423750812249155,0.09974402306581942,0.14832116739346246,0.10145235919466467,0.11498695950769589,0.18198685884104848,0.09897076638540991,0.04545044095075157,0.10749306588072893,0.09485795548818177,0.1722273183676889,0.10323855781016911,0.11211721091161087,0.07706238690623746,0.12939098054301723,0.11296439527024404,0.1691237577417205,0.1229981301173968,0.14890419461008675,0.15421739894413933,0.11832321965985426,0.09049140611375106,0.024325706655917156,0.07803102636068449,0.05329355772271571,0.08074783912035965,0.055186747594121566,0.08179037945359491,0.07010437018289983,0.13169698622035386,0.046016754018475714,0.1239343133394456,0.030597141623618263,0.09534496337326548,0.09901679655871665,0.04254158882909731,0.09370641634219723,0.06464686509229145,0.12090179476506369,0.06163154346946387,0.06834909317332638,0.10054057162189523,0.0881157938477799,0.1723597691168255,0.12201448530522963,0.048267949207356664,0.10024613784649039,0.052470317087638496,0.049861924346383146,0.09962486636756984,0.12126507093218253,0.01789045484389551,0.10545595177771194,0.10026741940866657,0.1127087834023861,0.09130222073136007,0.113815584249776,0.04668382478400235,0.09211285039268857,0.06430271360620798,0.1473149288645489,0.046016754018475714
bell,0.09737145402384961,0.09811587448208048,0.03297174589645335,0.025576220781199477,0.0,0.1820531227614841,0.08842534834051785,0.038551556310893464,0.05451864467512013,0.1689635198542161,0.19604851637006204,0.1786142150676321,0.23303501115262948,0.159456459556795,0.14885779856036618,0.24466585080864012,0.10311220685159117,0.0859465590514078,0.1848021260831928,0.16240469305480487,0.2801852990562772,0.16882957728698378,0.16794970566215617,0.0824091977038881,0.17278639003627816,0.17278639003627816,0.22923645922170466,0.17282195958400726,0.24473407003090641,0.12281701695089475,0.17680030122970136,0.10922911980395955,0.05302908701863196,0.12963955400578786,0.0638598233155403,0.1529332755302839,0.11747527042194517,0.1105982022855404,0.10021599027504435,0.14667981401713814,0.08620265896637336,0.17192996977539787,0.043598972153122695,0.15454545454545476,0.146307937932051,0.08616193339438827,0.16495307434655904,0.0838426650978108,0.1280306321249597,0.10056197320496618,0.11899443878141602,0.18329522938272058,0.10160133984143871,0.2672907962999169,0.17028333024693554,0.10924157676158575,0.14500397772689133,0.07272727272727264,0.0967502310040752,0.15498545173656364,0.1941278136533423,0.03989838131527046,0.15983194958319402,0.14480418628852498,0.14906481556115703,0.14969549200237287,0.19074753559949909,0.04723314175304272,0.13888222925879923,0.12996627784553605,0.23529229511222371,0.08620265896637336
bike,0.07653782317488633,0.1845380905771573,0.18147148748325248,0.11732649461997369,0.1820531227614841,0.0,0.08355607902632667,0.15271488736721184,0.11216793057999919,0.03315843661143092,0.27217550794431933,0.09759759489249498,0.07600759207435015,0.09133425461896916,0.21303593677674615,0.05205054207992432,0.258047314291188,0.07688463187739258,0.14532399161536735,0.2476881815261559,0.12333800600802447,0.07366640174906869,0.1681886289389667,0.16837046437140768,0.13820387917303,0.10899045134838692,0.19598457849568396,0.11797357632778416,0.17031807719870395,0.32149314048652144,0.11800290110965339,0.10652845060008165,0.07132161634984624,0.03684810978116537,0.14059877275570476,0.07565076643927704,0.07226928421125423,0.15395091364289215,0.08781339080680073,0.2625960524094142,0.15170681430082533,0.14590692405220906,0.14021146242078308,0.03925900690459072,0.11806368368727327,0.1096044815332371,0.10912858157448058,0.20538411104496912,0.2792419324845874,0.14273116756861504,0.10960448153323687,0.20401687972637916,0.23555453860551245,0.13507203107166654,0.15788033708042037,0.06775713375128423,0.27217550794431933,0.14600800613741394,0.1551259852356992,0.16000082031129848,0.20423725325134134,0.10279564060339008,0.145837156482036,0.1263790692437644,0.26398120525989943,0.07437533149774833,0.20966983555914676,0.19147281046571096,0.07362848290222568,0.1202273020830894,0.07456214258300442,0.15170681430082522
binoculars,0.0988906177255724,0.10843552517056765,0.08845874623111427,0.053297340942237925,0.08842534834051785,0.08355607902632667,0.0,0.04770107879213581,0.04307737184774607,0.10888074912607981,0.16124852123725897,0.06481535754487455,0.07291345810662209,0.052767142081196705,0.09875439400251251,0.07217807557593969,0.12749512664527662,0.038159813591329916,0.14218355308156183,0.14548558479133644,0.1358669893150808,0.062398112578117226,0.10472130163263527,0.029157374059261443,0.08560546701515614,0.07244871114487073,0.12655175428274112,0.0432441182159099,0.1138171803735295,0.14033482772962091,0.0932100493045771,0.042589649962125,0.0218000162474683,0.06876818937295093,0.03942290039546925,0.05336915243687823,0.026570520735347603,0.06380759400460678,0.06753067657242873,0.1599767825095898,0.12197129232555892,0.1736255752851763,0.05789736828228498,0.10028830613608686,0.1092612289200724,0.04503048423211997,0.07482101909567207,0.05420452783786933,0.12165583647315259,0.047656116644564595,0.02436014839298839,0.105512700951373,0.09503332485907146,0.13892312153787278,0.10715244971063875,0.04863511857533265,0.15160769964228515,0.055646122852762825,0.03773584905660343,0.04536421088080622,0.14937521043215551,0.031223239552048643,0.10560383156884645,0.101277827279598,0.13112486419833158,0.06716671499936211,0.13109153020755804,0.08543152684128152,0.027695765187149557,0.0739501113728187,0.09833829205750111,0.12197129232555903
blind,0.111953350230944,0.08099460398788128,0.06301955164865214,0.04715042434881711,0.038551556310893464,0.15271488736721184,0.04770107879213581,0.0,0.06062031847479521,0.16643777455864572,0.1687776602226524,0.125500463216918,0.16643522379334075,0.09875711763817363,0.06942837763228127,0.15112562411213448,0.0745707660656868,0.06494155702091375,0.20397479305414923,0.15849033439023164,0.23349058885178064,0.10270304848506939,0.16643830402250792,0.037128604148909394,0.13639045935734906,0.13639045935734906,0.22566176889235723,0.1234007317107535,0.2296083840284221,0.05424662313085349,0.1657566330803667,0.03997945874901698,0.03931716388211459,0.12053225351324381,0.04120074344834834,0.11690437819845878,0.0837090467856112,0.08998169197780415,0.06040632161503812,0.10446567893411507,0.1010695190943921,0.20211807778737745,0.04818537428601477,0.1519758888382715,0.13768188049227537,0.049505909101152934,0.1140162459265619,0.0539616747148266,0.06167443623162572,0.0648335531427835,0.08470939394925814,0.1659000835490385,0.08209571999507748,0.21922816013269553,0.11036584422787044,0.08717635163220905,0.1208883073136694,0.03988074770769845,0.07392137714993874,0.09396323870021506,0.1880214335925089,0.036373841032030896,0.10598427099869379,0.10068045589465435,0.1054350659806863,0.10283981133260045,0.14716560188430172,0.026503559316670477,0.07836978190265442,0.1281657199464542,0.18885436285733392,0.1010695190943921
bubble,0.07800326980768568,0.10518209702050907,0.05122850417734315,0.04274977521105494,0.05451864467512013,0.11216793057999919,0.04307737184774607,0.06062031847479521,0.0,0.13327314187813233,0.2303707901219415,0.16201687004253407,0.13730665671513542,0.13478410301753263,0.15410792212144642,0.15813736610080054,0.18262839377954632,0.07793156977815852,0.12205509670858739,0.19217506021134556,0.19073212731657008,0.14694941804688721,0.18480877015631614,0.0725698020911838,0.14459522699869276,0.14459522699869276,0.1824943628165725,0.11093264180436713,0.18133128722738268,0.17887835552711773,0.14144648812903426,0.06931567844770492,0.039826613059183225,0.07352426819924396,0.035705750477116105,0.09791908617251599,0.07449949028479896,0.05249613284442989,0.11218226591537794,0.1768318529242252,0.1284540910466292,0.13378596759958394,0.05381847580439103,0.10693119806813,0.07759261456991673,0.06096371881583207,0.14625917926559606,0.09053868313735647,0.16712750622647143,0.09760343495050272,0.08818216174870652,0.19150481491042937,0.14997867691874933,0.2350975487213003,0.19799865071507572,0.08102587623486612,0.21450214661930112,0.05606019036315024,0.07866272989262324,0.11461464326903381,0.2253169312711908,0.03779345024747627,0.16102579466286704,0.11720218740289834,0.18985435956074637,0.1282361768514816,0.18322951192449444,0.11257769409376095,0.10183737872331322,0.11779755715610019,0.17473349217293854,0.1284540910466292
cape,0.06694029447270922,0.1908295729416276,0.1942237517034643,0.1023439160720917,0.1689635198542161,0.03315843661143092,0.10888074912607981,0.16643777455864572,0.13327314187813233,0.0,0.21352185731408813,0.11813834082778485,0.09533745393619875,0.10631702100261597,0.21739130434782605,0.09255748919921536,0.24279648902166384,0.077239243255521,0.15005410363020588,0.20845428279496736,0.13641442164027806,0.09514900220078037,0.154877152553485,0.1818397890796325,0.12441255687257302,0.067923044412739,0.2226444728842477,0.12642068611323232,0.1978290326435611,0.304472774839453,0.1558621970551327,0.12126068361661346,0.06667231623229997,0.02444113595065056,0.16909517387307083,0.09679330299124334,0.0839469457122175,0.15561762956699177,0.06095604859351367,0.21155809599395137,0.1078905822431212,0.11070633941523111,0.10873147875162081,0.056371480608658375,0.08820980017545732,0.11250371638290657,0.10466855680882936,0.20640482607863875,0.26214944571838494,0.13800313628005634,0.11250371638290624,0.17121123829941343,0.19755112826406263,0.09039657541711388,0.11795401758779378,0.041137074189628975,0.21352185731408801,0.13009245868610686,0.16288797645177178,0.18785387986466007,0.14719713457755834,0.08988383945646428,0.09157584708313271,0.09310938207225017,0.24525834313193584,0.09039657541711377,0.17294808513100235,0.1637438644025836,0.10940570896596802,0.12961777511756112,0.09638928655277657,0.1078905822431212
cheese,0.25335019895224997,0.10123182816783527,0.24655766909439625,0.1423750812249155,0.19604851637006204,0.27217550794431933,0.16124852123725897,0.1687776602226524,0.2303707901219415,0.21352185731408813,0.0,0.16488725640816426,0.2571406281378872,0.235692296319165,0.13590888270692558,0.2656570344970075,0.17950483394458638,0.17909097604194668,0.33691120501732374,0.09365157816773195,0.19304673439075393,0.19567238323114045,0.24730845192431816,0.17070658703385677,0.15294955063037363,0.1260590601741951,0.35492742525278165,0.25246608741186305,0.2724124995831214,0.18356410032395942,0.3275468707417014,0.19884345186632046,0.13954257961156902,0.2471226732535401,0.2520839929725578,0.2622961583399056,0.1846487453369291,0.23797326385836426,0.1814892417694367,0.08965169414444552,0.1917618632103527,0.2786160280058839,0.13106812454569505,0.2911189695929677,0.18819180552446912,0.15928166986177883,0.2204293330799163,0.09977705167069839,0.08776146292706022,0.11094488587068763,0.11703451759352645,0.10879575014924758,0.04000705236054214,0.09210704426119976,0.08488338248870164,0.09624104368453856,0.06896551724137934,0.15776511238768431,0.13875327084898625,0.1784689068682167,0.04688463319915959,0.15382973097386865,0.10564840610886961,0.12389536172069626,0.18392832896797295,0.20384771573674443,0.10134057025454457,0.14903216737441038,0.22437105524567924,0.2247104465906844,0.27466181136098,0.08217025144226497
cigar,0.1321955089632333,0.1896840014679142,0.16792653555050363,0.09974402306581942,0.1786142150676321,0.09759759489249498,0.06481535754487455,0.125500463216918,0.16201687004253407,0.11813834082778485,0.16488725640816426,0.0,0.09230486678058769,0.035829289545222465,0.10406608030907938,0.09538967612751614,0.10138067891402813,0.040362842915071195,0.17471445444408806,0.09986150650068082,0.10280795792009134,0.015811272681712008,0.07057215508849335,0.12339631365117276,0.1467696207905258,0.09801359912141294,0.12959848356581494,0.10239866399481545,0.09245662858274828,0.24279255417498458,0.0781306116237277,0.14514958573488956,0.08482963448586689,0.12929180025182851,0.11985789085158738,0.05837783499321858,0.046697287843833424,0.19150383010320138,0.10189216081351515,0.23986351480722778,0.10583150089009374,0.23245184641122574,0.13828909526735278,0.11556417946366893,0.20939175791858244,0.07697380784439867,0.041387128525908645,0.11466450310698384,0.19068527839543192,0.0795529053641576,0.04633393424587262,0.06113402474510432,0.12970280267702572,0.10095965613071767,0.10694511086477165,0.0786128014075772,0.12022882092196996,0.15374126524221554,0.0793820965239268,0.0745108242529513,0.11193605709408339,0.08867403338963187,0.10011334982088116,0.15203593106726687,0.12058772300330256,0.056640765939978355,0.11935425602116723,0.1134762635628751,0.03697786888747068,0.0438945393828869,0.055703038815369865,0.13066951475425792
coconut,0.17572500237561306,0.2499077905645235,0.1766706925783682,0.14832116739346246,0.23303501115262948,0.07600759207435015,0.07291345810662209,0.16643522379334075,0.13730665671513542,0.09533745393619875,0.2571406281378872,0.09230486678058769,0.0,0.07418588749459543,0.16318714489098385,0.05121101673799011,0.23296497188588883,0.07933931382337855,0.1403111861191194,0.259968204180706,0.10155844272768089,0.06823331352953621,0.1207663650561982,0.12313502789919362,0.11845692860516965,0.07437977503542814,0.09837411716014455,0.06411257114708069,0.0808692846716006,0.272288591182379,0.07698459478435116,0.10128810332271032,0.10582092006960031,0.08117690205954364,0.14341681446340715,0.05291975623104772,0.03704591663105117,0.14441337682798616,0.10556671951107088,0.2582710654843412,0.17667069257836832,0.23058405834971363,0.13516867115894093,0.12565991271399768,0.12606587856879303,0.11361534909464188,0.053792824054592625,0.17876542357972014,0.25369147549159865,0.12620586349297847,0.08591582875384907,0.13391043905699018,0.22008624833885249,0.12999909625897965,0.135294117647059,0.07891546147386841,0.22484239457866484,0.15633851226789275,0.11505375546541197,0.10886721132099308,0.18992624790025014,0.1160265678609056,0.14082736077621016,0.13975504048304277,0.16992668700971958,0.09184116188437341,0.1161853349680606,0.18673067484963846,0.06029852120050894,0.09105749874470337,0.036876586021159174,0.2215795638922755
crayon,0.09766744171874842,0.21211795424177782,0.15783919083345932,0.10145235919466467,0.159456459556795,0.09133425461896916,0.052767142081196705,0.09875711763817363,0.13478410301753263,0.10631702100261597,0.235692296319165,0.035829289545222465,0.07418588749459543,0.0,0.11767739785427778,0.07371196991876039,0.1114163807364481,0.04084238227086656,0.1528012307108393,0.16525925449476364,0.1754202835193619,0.025340470625974998,0.05972983858028269,0.08592334718104422,0.13407592599083284,0.09471574080859801,0.11434893763560938,0.04349709541366198,0.11628874094031083,0.19596746174862523,0.06372984708570317,0.09195910963481513,0.07186123157297941,0.08338099632410545,0.07631259110454314,0.02951131783123051,0.03593414196469458,0.13587545068709717,0.05834218682410153,0.2460876437069186,0.09768484732156402,0.2222974218430548,0.12222770348959877,0.08567541545122515,0.19410021824186285,0.060061502446867476,0.020808269356424658,0.12351045633604074,0.1931298271316938,0.0798295236786486,0.06624530835182219,0.10800742268017738,0.16131681398579167,0.16176931263994432,0.13328040531408947,0.09137487427403745,0.1635877959719163,0.11649534526747596,0.08745785506518788,0.07602590162552658,0.18619439776442948,0.06365053417798139,0.09371278783042103,0.1481821394534074,0.11351458499912714,0.03910140717261912,0.16065781902718101,0.09642686364053443,0.012778563841399082,0.05815540554423715,0.06175967636784918,0.17789063867075827
dart,0.21172542119246118,0.12858569393713748,0.14386273618493073,0.11498695950769589,0.14885779856036618,0.21303593677674615,0.09875439400251251,0.06942837763228127,0.15410792212144642,0.21739130434782605,0.13590888270692558,0.10406608030907938,0.16318714489098385,0.11767739785427778,0.0,0.1833017402792937,0.07840362150663038,0.09993008153612304,0.2799069489089244,0.14427490031888357,0.2083798865035883,0.08129924203038419,0.17532367305622332,0.08662286798114138,0.13147374593005212,0.13147374593005212,0.24890648393545556,0.18361933166534206,0.22492940316235976,0.0910723762106489,0.2118509288831084,0.1063667968982509,0.11097584552507056,0.20920607232363353,0.11244257209168929,0.158591655944474,0.11018804882983624,0.195198053181039,0.1307498557926442,0.09832441829095495,0.115085013031483,0.2921948415753879,0.09159169949684409,0.21855763237904524,0.15997106590238885,0.050378976529709796,0.10750188416070017,0.06710354554988907,0.06231492060044774,0.06617006430339423,0.11250371638290624,0.12311189052214733,0.0972450192970703,0.18575822476854542,0.11795401758779378,0.10506126924365355,0.06347010640690742,0.12272036087836202,0.10550529741822379,0.0926805064113001,0.15183193275920204,0.09699412196071056,0.08125284534544097,0.07977275533801842,0.07813697625400717,0.11240310988282876,0.06956659577237745,0.06678663128983986,0.11193580638367862,0.14939918931943463,0.1805491079032533,0.14386273618493073
donkey,0.15388588777335077,0.21620781898624297,0.23720628158442658,0.18198685884104848,0.24466585080864012,0.05205054207992432,0.07217807557593969,0.15112562411213448,0.15813736610080054,0.09255748919921536,0.2656570344970075,0.09538967612751614,0.05121101673799011,0.07371196991876039,0.1833017402792937,0.0,0.2430845550993096,0.09071772349110097,0.22143867861437438,0.28113537596610017,0.12549988814591972,0.06344298762266742,0.18634341578462166,0.13736924373809611,0.14522307478376317,0.09806296856493624,0.19755363660348735,0.0840274409508206,0.180987090588832,0.26097958969943036,0.1334746568998857,0.07987524709131144,0.099990947508384,0.08375218949715546,0.15497347249919513,0.09316828471664063,0.08387616493855043,0.1702384320308412,0.08891352583198953,0.2682460373047695,0.22519378208181928,0.23484848484848486,0.18080430118524593,0.13220498859570406,0.1753608023751756,0.13682388081223185,0.09878444738746694,0.2035535954563662,0.24712039656896,0.1558120958169632,0.0923684583647929,0.21233243247450362,0.21548593673388117,0.12426362904174071,0.12673650794292624,0.09809889151956308,0.28293569250884276,0.15066871224260403,0.16869409960486614,0.13658665529426894,0.22999977445004116,0.13631217467220846,0.13818718334163493,0.15010128621613972,0.24388733081781222,0.10589153734331558,0.21197283049911375,0.1981438851572379,0.053714456368847974,0.1522579008527023,0.06812278557560258,0.22519378208181928
drill,0.18529463249965206,0.19173982744858398,0.11633410978869385,0.09897076638540991,0.10311220685159117,0.258047314291188,0.12749512664527662,0.0745707660656868,0.18262839377954632,0.24279648902166384,0.17950483394458638,0.10138067891402813,0.23296497188588883,0.1114163807364481,0.07840362150663038,0.2430845550993096,0.0,0.07098882461025346,0.27502932163666494,0.10777881680041923,0.25240110380696723,0.09866246760685504,0.1253928017451944,0.11753016077216671,0.23625795293379837,0.1844788310988017,0.21524799512630666,0.19449800851929644,0.22994139799331037,0.11977318592676922,0.16308761780674597,0.1740566229904703,0.12825434595163365,0.23450061576319448,0.11375168994973017,0.159035406840767,0.1319059819497569,0.2340888647655246,0.1247188850019203,0.20041978769616353,0.08995602351373022,0.29714994402078754,0.12413544765384976,0.24993150997657076,0.2803174590123918,0.10109111059577536,0.09881680811858073,0.10233145425201562,0.1311106016671656,0.1136484875385464,0.10922603267183117,0.12161997048284545,0.0854184394052222,0.23348244255236295,0.13967692792606456,0.15917808375793818,0.07516440820343562,0.1485709032166478,0.12130714882006588,0.1392584384072042,0.1673283981672984,0.09408278887297783,0.12001391850432774,0.19725460696183295,0.06606007063429675,0.15279638387366434,0.15127103669583397,0.030735032451372102,0.11409437265071176,0.10246914045498323,0.18797751754710157,0.1427121960636587
earplug,0.07646682039323249,0.1554052561159518,0.07884783924796346,0.04545044095075157,0.0859465590514078,0.07688463187739258,0.038159813591329916,0.06494155702091375,0.07793156977815852,0.077239243255521,0.17909097604194668,0.040362842915071195,0.07933931382337855,0.04084238227086656,0.09993008153612304,0.09071772349110097,0.07098882461025346,0.0,0.12927349737407845,0.11425571619790353,0.10973618548054831,0.02983622503311434,0.07045302440002865,0.08221895188979644,0.13521605034836326,0.07625350832666078,0.11551503565595789,0.08093994758645195,0.1174522849064844,0.18052663245167488,0.0649625930487806,0.08797271414741381,0.03814405979453395,0.06915957412692564,0.05913190778049959,0.04402066571463059,0.03056350935374419,0.12477225825212834,0.050751810770051975,0.19455100484156185,0.05882279227509357,0.14754786577290713,0.06971302550904268,0.09713905016506441,0.13641396169431141,0.04894775044256705,0.03392699366741059,0.1011655519675485,0.17279907030825437,0.07719605546610875,0.03659642252623685,0.08858491932010826,0.10364360278781293,0.1220375096594255,0.09507710333067132,0.052537598646452355,0.12148332523787264,0.08687926664421297,0.06986883072568173,0.08165756576823624,0.12276319366109978,0.03519714280917774,0.08053948603602012,0.11527583840766331,0.0996763880424768,0.07099317882567102,0.11797444125213441,0.055449108351895315,0.03168413807489012,0.03186560306622954,0.056830509897286996,0.09887288622083412
foam,0.1264293027317347,0.26767245691355,0.1248931689148085,0.10749306588072893,0.1848021260831928,0.14532399161536735,0.14218355308156183,0.20397479305414923,0.12205509670858739,0.15005410363020588,0.33691120501732374,0.17471445444408806,0.1403111861191194,0.1528012307108393,0.2799069489089244,0.22143867861437438,0.27502932163666494,0.12927349737407845,0.0,0.19843270933907864,0.16631983084975033,0.18776326924514797,0.14137652274363344,0.20336328643831925,0.2331252264077609,0.20245023546407126,0.13294194802467296,0.14161274640918364,0.10526294334346442,0.3476334766755007,0.12065005672122919,0.1750553036946516,0.12109033487593746,0.09300560354451526,0.11400970618926509,0.05521878381410439,0.0932155596775488,0.0925177444354004,0.15932013222869823,0.30768769767068405,0.12489316891480862,0.09332099281673989,0.17165386995694165,0.11929515407202085,0.16562906127551502,0.142166184250077,0.12610006604154833,0.23898035259195327,0.3210897606509192,0.20786057118971413,0.1807205130478261,0.1641934266568248,0.30051206857698876,0.2670660461156563,0.2508426050466612,0.1530228167481157,0.2694784462055262,0.13530796945252954,0.12018825957083268,0.1317568578755407,0.23489502101744908,0.14285075392107638,0.2600599266040564,0.23716881165527737,0.192028607892068,0.18739931199779292,0.20918194623135433,0.20367158367985727,0.15917564621890923,0.08337296122952587,0.14371602077473833,0.18740079970660806
freezer,0.16490474482665607,0.1628729743264291,0.18580882578449287,0.09485795548818177,0.16240469305480487,0.2476881815261559,0.14548558479133644,0.15849033439023164,0.19217506021134556,0.20845428279496736,0.09365157816773195,0.09986150650068082,0.259968204180706,0.16525925449476364,0.14427490031888357,0.28113537596610017,0.10777881680041923,0.11425571619790353,0.19843270933907864,0.0,0.15802826135984205,0.15043870970664397,0.16162121189006895,0.18792089065992557,0.22868295395846172,0.17309253622573828,0.2660297942758648,0.22219853151455848,0.19992887940600246,0.23387470125198828,0.23287177120249392,0.2231878191355262,0.12221911509041927,0.21451948781832186,0.16001960304154395,0.16262750781604085,0.1454786904332227,0.19935173296913244,0.1726825331028371,0.17870905196443476,0.10084974673591873,0.18290542734034998,0.15243424454790633,0.2237404123822878,0.23149798906506192,0.11352866578097043,0.1523775540191401,0.11518417119382796,0.15287537085752756,0.12453442309514096,0.1047949580546742,0.0678884027669181,0.09602765976893157,0.14096773912648097,0.14312107852502776,0.12245057367290568,0.07328419790183827,0.13668326236908634,0.09981183082002798,0.12585324252375252,0.08323294861616204,0.1253607143233506,0.1263518477606398,0.1819149445841607,0.1405563427753338,0.18428029009489355,0.13745518095573372,0.11443836082110792,0.17586691719799097,0.11427104062603677,0.2197453851992176,0.0725300537197272
goose,0.20708671054532224,0.22920972563295572,0.2272860589235537,0.1722273183676889,0.2801852990562772,0.12333800600802447,0.1358669893150808,0.23349058885178064,0.19073212731657008,0.13641442164027806,0.19304673439075393,0.10280795792009134,0.10155844272768089,0.1754202835193619,0.2083798865035883,0.12549988814591972,0.25240110380696723,0.10973618548054831,0.16631983084975033,0.15802826135984205,0.0,0.11699370594527858,0.20781849716502077,0.2372764544791408,0.22081864538587315,0.13770596756036624,0.20403375863654516,0.1966925263149144,0.13077707711649889,0.3720505698581964,0.1699045705440766,0.2001650830591707,0.14826874337641915,0.15728504848534042,0.21648527652105298,0.12923222552735325,0.11551719945872219,0.22354083019795035,0.18783755126375434,0.2780665594164643,0.2061158139625553,0.172228901756443,0.21194832834267296,0.20820382896190504,0.18018747586121164,0.17083737636306362,0.13708792101369072,0.22987308338477452,0.2913476722500222,0.20327836302703217,0.10554898080110009,0.13444950699047642,0.20772964987177012,0.08262103881992067,0.14315295926806626,0.10651282732705536,0.22349780101751782,0.19735730607097224,0.16069839766809568,0.1411615484628208,0.1203295833945921,0.1892480395027908,0.1798388208031354,0.18895327419201668,0.23855074357092665,0.20134066909028392,0.14027857582744763,0.23770022045453032,0.15126611959308978,0.11717032486774781,0.08761384114682513,0.16377532404055828
guitar,0.11858593368240344,0.18487173373273935,0.15663738273404582,0.10323855781016911,0.16882957728698378,0.07366640174906869,0.062398112578117226,0.10270304848506939,0.14694941804688721,0.09514900220078037,0.19567238323114045,0.015811272681712008,0.06823331352953621,0.025340470625974998,0.08129924203038419,0.06344298762266742,0.09866246760685504,0.02983622503311434,0.18776326924514797,0.15043870970664397,0.11699370594527858,0.0,0.0852675921823649,0.11329143728010094,0.13626771551871386,0.08828258860308691,0.1433606392847312,0.09892270114741941,0.12522241451935134,0.2144819928520082,0.07807277441478822,0.10805929384890389,0.07922832553058579,0.10539106019015032,0.10810810389318992,0.05711385461874052,0.045558903228359426,0.18934421981756022,0.07297494430557194,0.22338251586135438,0.0955241495988316,0.2291711832285328,0.12279500328981696,0.10449926374823615,0.1788632821006716,0.06141260845880636,0.02766271246256502,0.12866278406315812,0.18607133532752196,0.08471884635478844,0.06141260845880614,0.1011221276794283,0.14346330897802895,0.11517462815949464,0.10185376097950138,0.07146089261163602,0.13413912293188357,0.14207272121334513,0.10540737346902906,0.089143985974661,0.141725631799135,0.07892388319406729,0.07926612691185142,0.1201280274624944,0.11617472809897678,0.04663181766480762,0.11800575845600192,0.09660814031436837,0.026414119962946625,0.05901178353317771,0.04053263873724211,0.14441473610700295
hair,0.1728557053526365,0.2779714621678576,0.14289106022878573,0.11211721091161087,0.16794970566215617,0.1681886289389667,0.10472130163263527,0.16643830402250792,0.18480877015631614,0.154877152553485,0.24730845192431816,0.07057215508849335,0.1207663650561982,0.05972983858028269,0.17532367305622332,0.18634341578462166,0.1253928017451944,0.07045302440002865,0.14137652274363344,0.16162121189006895,0.20781849716502077,0.0852675921823649,0.0,0.11992552131525136,0.14105460748166765,0.10563417892421068,0.05808872949116761,0.08054992392008142,0.06880256275660446,0.2566237081874344,0.06562897576328408,0.18751886871323753,0.11846410104268301,0.1426912397769431,0.12377364901167287,0.06107676399222872,0.060633579513261315,0.18376422704016337,0.12474848728513754,0.28999468808853646,0.08875786403270913,0.23755257143454056,0.13485861070595873,0.14021469585089508,0.23771101983485887,0.11519075363521447,0.051310713486661164,0.1530122442609544,0.2546163099101795,0.11303386674553217,0.10406107758031136,0.05809337045808993,0.1790599402910772,0.19967637924172155,0.17040052186754184,0.13422507356101276,0.14348892805181024,0.18643971220299715,0.08990581489842342,0.09292115955005154,0.14559428763995885,0.10387436991144494,0.17148198679400795,0.21950745732671495,0.09407746234843195,0.09848603638722653,0.1544833032901044,0.12227555126896006,0.0735199427252411,0.04079805251012114,0.08901540574169786,0.19702425642486254
handle,0.16489781279730786,0.12490148923736577,0.08966918636231247,0.07706238690623746,0.0824091977038881,0.16837046437140768,0.029157374059261443,0.037128604148909394,0.0725698020911838,0.1818397890796325,0.17070658703385677,0.12339631365117276,0.12313502789919362,0.08592334718104422,0.08662286798114138,0.13736924373809611,0.11753016077216671,0.08221895188979644,0.20336328643831925,0.18792089065992557,0.2372764544791408,0.11329143728010094,0.11992552131525136,0.0,0.06987338749285377,0.08820100547329024,0.14453964050067158,0.05861894053351735,0.15943496969887516,0.06659302218528551,0.1420463092787304,0.04805365697233965,0.04940191585096576,0.127191174280327,0.0491138555115781,0.10237543319152587,0.057297001736214215,0.07825955584713185,0.09011884349700161,0.1264554184434753,0.14568954412463175,0.24630213787355826,0.04908974278652589,0.1580778231065061,0.1371805717329374,0.0613096773843389,0.10832480427466817,0.033094418481672605,0.07901219880948418,0.039086987869237255,0.06130967738433868,0.12369176571071383,0.08535358348611966,0.2050952982707167,0.12680391899584953,0.0915990580717736,0.13713195492996433,0.06718849719186748,0.04284663838442693,0.061299078358897585,0.18497991431432081,0.04495157030652375,0.12250330559479461,0.11152819345251697,0.10797164680715576,0.0908574968245921,0.13375729385318968,0.07201613147709907,0.05928069097904942,0.12288177282685575,0.1751000187799968,0.16436299671207155
hat,0.20574364154055724,0.15759472180032708,0.1867738147911705,0.12939098054301723,0.17278639003627816,0.13820387917303,0.08560546701515614,0.13639045935734906,0.14459522699869276,0.12441255687257302,0.15294955063037363,0.1467696207905258,0.11845692860516965,0.13407592599083284,0.13147374593005212,0.14522307478376317,0.23625795293379837,0.13521605034836326,0.2331252264077609,0.22868295395846172,0.22081864538587315,0.13626771551871386,0.14105460748166765,0.06987338749285377,0.0,0.0366972477064218,0.1879166630476663,0.10145390052362768,0.17607676832515007,0.16821297106799893,0.21100899226750114,0.10017788689272178,0.07901200464052116,0.12138967065633866,0.15107296120619818,0.14458081921128196,0.08256189060679275,0.14291311405069484,0.12617245193455373,0.11183201248931773,0.16807895995878386,0.23364827394406362,0.07026888273591447,0.1283780804487521,0.08957343910374527,0.09482643453357531,0.14963691939494161,0.08957343910374527,0.13454412459747078,0.05234407760909754,0.10635730797900766,0.12028380448000109,0.13574880151306845,0.13270377424428903,0.12580312086679324,0.06979439249398456,0.15294955063037363,0.1379563433009635,0.09218384495029874,0.10968513970690341,0.1388822766043708,0.09928554067860207,0.1147914530385511,0.0643026087421894,0.18749893859582722,0.08505013546650264,0.11232457045148536,0.16149530030188874,0.11244214876946335,0.1775623611940107,0.18278710494668504,0.16807895995878386
heater,0.16394067530584977,0.1845516907027167,0.1867738147911705,0.11296439527024404,0.17278639003627816,0.10899045134838692,0.07244871114487073,0.13639045935734906,0.14459522699869276,0.067923044412739,0.1260590601741951,0.09801359912141294,0.07437977503542814,0.09471574080859801,0.13147374593005212,0.09806296856493624,0.1844788310988017,0.07625350832666078,0.20245023546407126,0.17309253622573828,0.13770596756036624,0.08828258860308691,0.10563417892421068,0.08820100547329024,0.0366972477064218,0.0,0.1606197441585122,0.07442995768223304,0.14790845271233477,0.1887509223996532,0.16624354502026717,0.10017788689272178,0.06366220471786321,0.08298047593093272,0.15107296120619818,0.10752294856339528,0.0577662660285978,0.14291311405069484,0.07671051525160388,0.13362754592516268,0.13068925029401002,0.1864881677252368,0.07026888273591447,0.1283780804487521,0.08957343910374527,0.09482643453357531,0.09073731208030544,0.11151142852293228,0.16117353614831775,0.06670250067562633,0.06023381419727902,0.08182626587803399,0.10831225552935642,0.05645795219983096,0.06703358277380456,0.03657276365448392,0.1260590601741951,0.11879981759654057,0.09218384495029874,0.10968513970690341,0.09070785851230767,0.08080934664124007,0.06114245019240272,0.0643026087421894,0.15948166061637292,0.08505013546650264,0.08896469072652446,0.13000216604092685,0.08614413836263257,0.1261600087686363,0.11372686029429213,0.13068925029401002
hole,0.2459520247058533,0.3583456071581492,0.14478098424900332,0.1691237577417205,0.22923645922170466,0.19598457849568396,0.12655175428274112,0.22566176889235723,0.1824943628165725,0.2226444728842477,0.35492742525278165,0.12959848356581494,0.09837411716014455,0.11434893763560938,0.24890648393545556,0.19755363660348735,0.21524799512630666,0.11551503565595789,0.13294194802467296,0.2660297942758648,0.20403375863654516,0.1433606392847312,0.05808872949116761,0.14453964050067158,0.1879166630476663,0.1606197441585122,0.0,0.09040632223186862,0.03093535075504683,0.3354517583483997,0.03850936919728909,0.22991683944275731,0.17220869277710316,0.18574544281807115,0.14587731526790393,0.07656697139840463,0.07088334046310674,0.2052046208558519,0.2151078739354132,0.3960876435989613,0.2004049852734585,0.30717745673962293,0.18833446980137925,0.18778363013782984,0.2697526355534138,0.17659485830666122,0.09364038482160253,0.1963199396872768,0.35128638950678104,0.16693002127079637,0.12513203695082742,0.11678062646458842,0.2601944526972899,0.2697973163635812,0.2677704951482387,0.1968726445319029,0.2649172985438677,0.25190597512694857,0.10942531809220668,0.12926029764709857,0.2519629695740556,0.1547838899458449,0.271709476450129,0.2953971620790363,0.1611738523992945,0.15636777327442886,0.19635827845614728,0.2210892993773168,0.09772399499821138,0.056865577941794254,0.09674690639254546,0.3116529873223687
